0.0531
0.0542
0.0521
0.0531
0.0531
0.0531
0.0531
0.0531
0.0531
0.0531
0.051
0.0542
0.05
0.0531
0.0531
0.0521
0.05
0.0531
0.0521
0.0531
0.051
0.0542
0.0542
0.0552
0.0542
0.0552
0.0552
0.0521
0.051
0.051
0.0531
0.0531
0.0531
0.0542
0.0542
0.0542
0.0563
0.0542
0.0521
0.051
0.0563
0.051
0.0521
0.0521
0.05
0.0531
0.0531
0.0542
0.0531
0.051
0.0521
0.0531
0.0542
0.0542
0.0531
0.0573
0.0563
0.0542
0.0531
0.0542
0.0521
0.0531
0.0521
0.0531
0.0521
0.0521
0.0563
0.0521
0.0542
0.0552
0.0552
0.0542
0.0552
0.0563
0.0552
0.0542
0.0531
0.0542
0.0521
0.0521
0.0542
0.0542
0.0531
0.051
0.0521
0.0521
0.0542
0.0542
0.0531
0.0531
0.0531
0.0531
0.0531
0.0563
0.051
0.0552
0.0542
0.0521
0.051
0.0542
0.0531
0.0542
0.0542
0.0531
0.0552
0.051
0.0542
0.0521
0.0531
0.0531
0.0552
0.0542
0.0521
0.0521
0.0542
0.0521
0.0531
0.0531
0.0531
0.0542
0.0552
0.0521
0.0542
0.0542
0.0542
0.0542
0.0552
0.0521
0.0542
0.0552
0.0552
0.0542
0.0542
0.0521
0.0542
0.0604
0.0552
0.0552
0.0552
0.0531
0.0521
0.0521
0.0542
0.0542
0.0552
0.0552
0.0542
0.0563
0.0542
0.0552
0.0552
0.0521
0.0521
0.0531
0.0563
0.0552
0.0542
0.0531
0.0552
0.0552
0.0552
0.0552
0.0552
0.0563
0.0563
0.0521
0.0552
0.0521
0.0521
0.051
0.0531
0.0542
0.0552
0.0542
0.0542
0.0542
0.0552
0.0542
0.0531
0.0542
0.0542
0.0531
0.0542
0.0542
0.0542
0.0563
0.0552
0.0542
0.0573
0.0542
0.0552
0.0573
0.0552
0.0552
0.0542
0.0552
0.0521
0.0531
0.0542
0.0542
0.0552
0.0563
0.0542
0.0583
0.0542
0.0552
0.0521
0.0542
0.0552
0.0542
0.0552
0.0552
0.0552
0.0552
0.0542
0.0563
0.0552
0.0573
0.0563
0.0563
0.0563
0.0563
0.0542
0.0531
0.0531
