0.040625
0.040625
0.040625
0.040625
0.040625
0.040625
0.039583
0.041667
0.038542
0.040625
0.038542
0.038542
0.039583
0.0375
0.0375
0.0375
0.036458
0.039583
0.039583
0.0375
0.039583
0.040625
0.038542
0.039583
0.038542
0.040625
0.0375
0.038542
0.036458
0.039583
0.041667
0.039583
0.0375
0.038542
0.0375
0.0375
0.038542
0.0375
0.0375
0.035417
0.040625
0.038542
0.039583
0.0375
0.036458
0.0375
0.039583
0.042708
0.041667
0.042708
0.039583
0.040625
0.038542
0.040625
0.039583
0.039583
0.038542
0.039583
0.039583
0.039583
0.038542
0.040625
0.038542
0.0375
0.040625
0.038542
0.041667
0.039583
0.041667
0.042708
0.040625
0.041667
0.040625
0.0375
0.039583
0.040625
0.038542
0.041667
0.041667
0.040625
0.041667
0.040625
0.041667
0.039583
0.039583
0.039583
0.039583
0.040625
0.038542
0.040625
0.039583
0.039583
0.0375
0.0375
0.0375
0.041667
0.040625
0.038542
0.038542
0.041667
0.042708
0.039583
0.041667
0.040625
0.040625
0.040625
0.042708
0.040625
0.040625
0.038542
0.041667
0.039583
0.038542
0.040625
0.039583
0.039583
0.039583
0.040625
0.040625
0.040625
0.040625
0.039583
0.040625
0.039583
0.040625
0.038542
0.038542
0.041667
0.039583
0.044792
0.038542
0.040625
0.040625
0.039583
0.039583
0.041667
0.040625
0.041667
0.039583
0.038542
0.040625
0.039583
0.042708
0.04375
0.039583
0.0375
0.038542
0.039583
0.0375
0.038542
0.038542
0.040625
0.042708
0.0375
0.038542
0.038542
0.039583
0.039583
0.039583
0.038542
0.040625
0.040625
0.041667
0.040625
0.039583
0.039583
0.0375
0.039583
0.0375
0.038542
0.042708
0.040625
0.042708
0.039583
0.0375
0.040625
0.040625
0.039583
0.039583
0.041667
0.041667
0.039583
0.038542
0.0375
0.038542
0.039583
0.038542
0.038542
0.0375
0.039583
0.039583
0.039583
0.039583
0.0375
0.040625
0.039583
0.039583
0.039583
0.041667
0.041667
0.040625
0.040625
0.040625
0.041667
0.040625
0.040625
0.041667
0.041667
0.039583
0.038542
0.0375
0.040625
0.039583
0.039583
0.038542
0.041667
0.039583
0.039583
0.041667
0.040625
0.041667
0.039583
0.041667
0.040625
0.040625
0.038542
0.039583
0.041667
0.038542
0.040625
0.039583
0.041667
0.038542
0.039583
0.038542
0.040625
0.041667
0.038542
0.040625
0.041667
0.040625
0.041667
0.038542
0.038542
0.039583
0.040625
0.038542
0.039583
0.038542
0.039583
0.039583
0.038542
0.038542
0.039583
0.0375
0.038542
0.041667
0.041667
0.0375
0.038542
0.040625
0.038542
0.039583
0.040625
0.040625
0.040625
0.040625
0.039583
0.0375
0.038542
0.038542
0.0375
0.041667
0.039583
0.038542
0.040625
0.040625
0.039583
0.039583
0.039583
0.039583
0.040625
0.039583
0.0375
0.038542
0.040625
0.039583
0.039583
0.039583
0.038542
0.039583
0.039583
0.041667
0.041667
0.042708
0.039583
0.041667
0.040625
0.038542
0.038542
0.0375
0.0375
0.038542
0.0375
0.040625
0.038542
0.039583
0.038542
0.040625
0.042708
0.040625
0.042708
0.039583
0.041667
0.039583
0.039583
0.039583
0.039583
0.041667
0.040625
0.040625
0.039583
0.040625
0.0375
0.039583
0.041667
0.038542
0.040625
0.041667
0.040625
0.041667
0.039583
0.038542
0.038542
0.041667
0.041667
0.039583
0.038542
0.040625
0.040625
0.040625
0.041667
0.039583
0.039583
0.038542
0.039583
0.039583
0.039583
0.0375
0.0375
